# -*- coding: utf-8 -*-
"""Acoustic Brainz Genre dataset
The AcousticBrainz Genre Dataset consists of four datasets of genre annotations and music features extracted from audio
suited for evaluation of hierarchical multi-label genre classification systems.

Description about the music features can be found here: https://essentia.upf.edu/streaming_extractor_music.html

The datasets are used within the MediaEval AcousticBrainz Genre Task. The task is focused on content-based music
genre recognition using genre annotations from multiple sources and large-scale music features data available in the
AcousticBrainz database. The goal of our task is to explore how the same music pieces can be annotated differently by
different communities following different genre taxonomies, and how this should be addressed by content-based genre r
ecognition systems.

We provide four datasets containing genre and subgenre annotations extracted from four different online metadata sources:

AllMusic and Discogs are based on editorial metadata databases maintained by music experts and enthusiasts. These sources contain explicit genre/subgenre annotations of music releases (albums) following a predefined genre namespace and taxonomy. We propagated release-level annotations to recordings (tracks) in AcousticBrainz to build the datasets.

Lastfm and Tagtraum are based on collaborative music tagging platforms with large amounts of genre labels provided by their users for music recordings (tracks). We have automatically inferred a genre/subgenre taxonomy and annotations from these labels.

For details on format and contents, please refer to the data webpage.

Note, that the AllMusic ground-truth annotations are distributed separately at https://zenodo.org/record/2554044.

A size comparative between different datasets of Acoustic brainz Genre:

Citation

If you use the MediaEval AcousticBrainz Genre dataset or part of it, please cite our ISMIR 2019 overview paper:

Bogdanov, D., Porter A., Schreiber H., Urbano J., & Oramas S. (2019).
The AcousticBrainz Genre Dataset: Multi-Source, Multi-Level, Multi-Label, and Large-Scale.
20th International Society for Music Information Retrieval Conference (ISMIR 2019).


Acknowledgements

This work is partially supported by the European Union’s Horizon 2020 research and innovation programme under grant agreement No 688382 AudioCommons.
"""

import json
import os
import shutil
import urllib

from mirdata import download_utils, core
from mirdata import jams_utils
from mirdata import utils


BIBTEX = """
abadabia
"""
REMOTES = {
    'validation-01': download_utils.RemoteFileMetadata(
        filename='acousticbrainz-mediaeval-features-validation-01234567.tar.bz2',
        url='https://zenodo.org/record/2553414/files/acousticbrainz-mediaeval-features-validation-01234567.tar.bz2?download=1',
        checksum='f21f9c5e398713139cca9790b656faf9',
        destination_dir='temp',
    ),
    'validation-89': download_utils.RemoteFileMetadata(
        filename='acousticbrainz-mediaeval-features-validation-89abcdef.tar.bz2',
        url='https://zenodo.org/record/2553414/files/acousticbrainz-mediaeval-features-validation-89abcdef.tar.bz2?download=1',
        checksum='34f47394ac6d8face4399f48e2b98ebe',
        destination_dir='temp',
    ),
    'train-01': download_utils.RemoteFileMetadata(
        filename='acousticbrainz-mediaeval-features--train-01.tar.bz2',
        url='https://zenodo.org/record/2553414/files/acousticbrainz-mediaeval-features--train-01.tar.bz2?download=1',
        checksum='db7157b5112022d609652dd21c632090',
        destination_dir='temp',
    ),
    'train-23': download_utils.RemoteFileMetadata(
        filename='acousticbrainz-mediaeval-features-train-23.tar.bz2',
        url='https://zenodo.org/record/2553414/files/acousticbrainz-mediaeval-features-train-23.tar.bz2?download=1',
        checksum='79581967a1be5c52e83be21261d1ef6c',
        destination_dir='temp',
    ),
    'train-45': download_utils.RemoteFileMetadata(
        filename='acousticbrainz-mediaeval-features-train-45.tar.bz2',
        url='https://zenodo.org/record/2553414/files/acousticbrainz-mediaeval-features-train-45.tar.bz2?download=1',
        checksum='0e48fa319fa48e5cf95eea8118d2e882',
        destination_dir='temp',
    ),
    'train-67': download_utils.RemoteFileMetadata(
        filename='acousticbrainz-mediaeval-features-train-67.tar.bz2',
        url='https://zenodo.org/record/2553414/files/acousticbrainz-mediaeval-features-train-67.tar.bz2?download=1',
        checksum='22ca7f1fea8a86459b7fda4530f00070',
        destination_dir='temp',
    ),
    'train-89': download_utils.RemoteFileMetadata(
        filename='acousticbrainz-mediaeval-features-train-89.tar.bz2',
        url='https://zenodo.org/record/2553414/files/acousticbrainz-mediaeval-features-train-89.tar.bz2?download=1',
        checksum='c6e4a2ef1b0e8ed535197b868f8c7302',
        destination_dir='temp',
    ),
    'train-ab': download_utils.RemoteFileMetadata(
        filename='acousticbrainz-mediaeval-features-train-ab.tar.bz2',
        url='https://zenodo.org/record/2553414/files/acousticbrainz-mediaeval-features-train-ab.tar.bz2?download=1',
        checksum='513d5f306dd4f3799c137423ee444051',
        destination_dir='temp',
    ),
    'train-cd': download_utils.RemoteFileMetadata(
        filename='acousticbrainz-mediaeval-features-train-cd.tar.bz2',
        url='https://zenodo.org/record/2553414/files/acousticbrainz-mediaeval-features-train-cd.tar.bz2?download=1',
        checksum='422d75d70d583decec0b2761865092a7',
        destination_dir='temp',
    ),
    'train-ef': download_utils.RemoteFileMetadata(
        filename='acousticbrainz-mediaeval-features-train-ef.tar.bz2',
        url='https://zenodo.org/record/2553414/files/acousticbrainz-mediaeval-features-train-ef.tar.bz2?download=1',
        checksum='021ab25a5fd1b020521824e7fce9c775',
        destination_dir='temp',
    )
}
REMOTE_INDEX = {
    'REMOTE_INDEX': download_utils.RemoteFileMetadata(
        filename='acousticbrainz_genre_index.json.zip',
        url='https://zenodo.org/record/4298580/files/acousticbrainz_genre_index.json.zip?download=1',
        checksum='810f1c003f53cbe58002ba96e6d4d138',
        destination_dir=''
    )
}

DOWNLOAD_INFO = ""


DATA = utils.LargeData('acousticbrainz_genre_index.json', remote_index=REMOTE_INDEX)


class Track(core.Track):
    """AcousticBrainz Genre Dataset track class

    Args:
        track_id (str): track id of the track
        data_home (str): Local path where the dataset is stored.
            If `None`, looks for the data in the default directory, `~/mir_datasets`

    Attributes:
        track_id (str): track id
    """

    def __init__(self, track_id, data_home, remote_index=None, remote_index_name=None):
        if remote_index is not None and remote_index_name is not None:
            data = utils.LargeData(remote_index_name, remote_index=remote_index)
        else:
            data = DATA

        if track_id not in data.index["tracks"]:
            raise ValueError('{} is not a valid track ID in AcousticBrainz genre Dataset'.format(track_id))

        self.track_id = track_id
        self._data_home = data_home
        self._track_paths = data.index["tracks"][track_id]
        self.path = utils.none_path_join(
            [self._data_home, self._track_paths['data'][0]]
        )

    # Genre
    @property
    def genre(self):
        """Genre: human-labeled genre and subgenres list"""
        return [genre for genre in self.track_id.split('#')[2:]]

    # Music Brainz
    @property
    def mbid(self):
        """mbid: musicbrainz id"""
        return self.track_id.split('#')[0]

    @property
    def mbid_group(self):
        """mbid_group: musicbrainz id group"""
        return self.track_id.split('#')[1]

    # Metadata
    @property
    def artist(self):
        """Artist: metadata artist annotation
        """
        return load_extractor(self.path)["metadata"]["artist"]

    @property
    def title(self):
        """title: metadata title annotation"""
        return load_extractor(self.path)["metadata"]["title"]

    @property
    def date(self):
        """date: metadata date annotation"""
        return load_extractor(self.path)["metadata"]["date"]

    @property
    def file_name(self):
        """File_name: metadata file_name annotation"""
        return load_extractor(self.path)["metadata"]["file_name"]

    @property
    def album(self):
        """Album: metadata album annotation"""
        return load_extractor(self.path)["metadata"]["album"]

    @property
    def tracknumber(self):
        """tracknumber: metadata tracknumber annotation"""
        return load_extractor(self.path)["metadata"]["tracknumber"]

    # Tonal
    @property
    def tonal(self):
        """Tonal: tonal features.
        'tuning_frequency': estimated tuning frequency [Hz]. Algorithms: TuningFrequency
        'tuning_nontempered_energy_ratio' and 'tuning_equal_tempered_deviation'

        'hpcp', 'thpcp': 32-dimensional harmonic pitch class profile (HPCP) and its transposed version. Algorithms: HPCP

        'hpcp_entropy': Shannon entropy of a HPCP vector. Algorithms: Entropy

        'key_key', 'key_scale': Global key feature. Algorithms: Key

        'chords_key', 'chords_scale': Global key extracted from chords detection.

        'chords_strength', 'chords_histogram': : strength of estimated chords and normalized histogram of their
        progression; Algorithms: ChordsDetection, ChordsDescriptors


        'chords_changes_rate', 'chords_number_rate':  chords change rate in the progression; ratio
        of different chords from the total number of chords in the progression; Algorithms: ChordsDetection,
        ChordsDescriptors
        Example:
        ```JSON
        'tonal':{
              'thpcp':[
                 1,
                 0.507318735123,
                 0.0966857150197,
                 0.0426645539701,
                 0.0483965314925,
                 0.179099410772,
                 0.320293188095,
                 0.237049147487,
                 0.2395414114,
                 0.350966274738,
                 0.232010543346,
                 0.0956381931901,
                 0.0849455147982,
                 0.0992767587304,
                 0.220862701535,
                 0.346613913774,
                 0.254877924919,
                 0.144492298365,
                 0.138952225447,
                 0.168216094375,
                 0.390465915203,
                 0.578827261925,
                 0.340706437826,
                 0.0968758687377,
                 0.0831783562899,
                 0.0587093383074,
                 0.0431259125471,
                 0.0452906452119,
                 0.0403949655592,
                 0.0697610229254,
                 0.102411799133,
                 0.0839798152447,
                 0.102026410401,
                 0.12077883631,
                 0.186415702105,
                 0.699734687805
              ],
              'hpcp':{
                 'dmean2':[
                    0.178594380617,
                    0.16023632884,
                    0.103057518601,
                    0.0980740636587,
                    0.110168747604,
                    0.146259948611,
                    0.159311890602,
                    0.152000948787,
                    0.136627301574,
                    0.139202192426,
                    0.171973928809,
                    0.216359615326,
                    0.219214200974,
                    0.197275102139,
                    0.0970009341836,
                    0.070560619235,
                    0.0568987056613,
                    0.0447382815182,
                    0.0319559387863,
                    0.0362393707037,
                    0.0506391376257,
                    0.0647731274366,
                    0.0639156401157,
                    0.0770523697138,
                    0.0981073230505,
                    0.193972751498,
                    0.327600568533,
                    0.227274686098,
                    0.306807488203,
                    0.122404053807,
                    0.0589169487357,
                    0.0582390166819,
                    0.104690216482,
                    0.141766279936,
                    0.151633277535,
                    0.158217191696
                 ],
                 'median':[
                    0.0242512505502,
                    0.0162243917584,
                    0.00442832708359,
                    0.0026245675981,
                    0.00274003460072,
                    0.00746832182631,
                    0.0087266638875,
                    0.00605125585571,
                    0.0032673496753,
                    0.00273101869971,
                    0.00652965530753,
                    0.0492442660034,
                    0.0885675624013,
                    0.0490445457399,
                    0.0065808207728,
                    0.00144797482062,
                    0.00138741335832,
                    0.00163704121951,
                    0.00170974992216,
                    0.00198111264035,
                    0.00269822846167,
                    0.00298195728101,
                    0.00444959057495,
                    0.00482877250761,
                    0.00520649645478,
                    0.0221224334091,
                    0.210975214839,
                    0.357364058495,
                    0.121964357793,
                    0.00403643492609,
                    0.000631547707599,
                    0.00127915048506,
                    0.0120413331315,
                    0.0221591964364,
                    0.0243600532413,
                    0.0220098067075
                 ],
                 'min':[
                    0,
                    0,
                    0,
                    0,
                    0,
                    0,
                    0,
                    0,
                    0,
                    0,
                    0,
                    0,
                    0,
                    0,
                    0,
                    0,
                    0,
                    0,
                    0,
                    0,
                    0,
                    0,
                    0,
                    0,
                    0,
                    0,
                    0,
                    0,
                    0,
                    0,
                    0,
                    0,
                    0,
                    0,
                    0,
                    0
                 ],
                 'dvar2':[
                    0.0923194587231,
                    0.0815363973379,
                    0.0511545799673,
                    0.0502935610712,
                    0.0541777983308,
                    0.066973619163,
                    0.0863623097539,
                    0.0762098804116,
                    0.0845957174897,
                    0.0904724001884,
                    0.112700395286,
                    0.102032870054,
                    0.104157529771,
                    0.0877331718802,
                    0.0455346442759,
                    0.0394088961184,
                    0.031592041254,
                    0.0258620958775,
                    0.0166516024619,
                    0.0176277346909,
                    0.0235926751047,
                    0.0331757478416,
                    0.0272852964699,
                    0.034093439579,
                    0.0557818897069,
                    0.094073176384,
                    0.149004563689,
                    0.0981300100684,
                    0.159933894873,
                    0.0621675103903,
                    0.0314343906939,
                    0.0269571710378,
                    0.0393776223063,
                    0.0622402280569,
                    0.0579484254122,
                    0.0726568624377
                 ],
                 'dvar':[
                    0.0379842370749,
                    0.0305933672935,
                    0.0183975361288,
                    0.0187579095364,
                    0.0199990961701,
                    0.0261411704123,
                    0.0364330522716,
                    0.0299046840519,
                    0.0302553288639,
                    0.0323115438223,
                    0.039840798825,
                    0.0383969843388,
                    0.0416979975998,
                    0.0317634791136,
                    0.0161656066775,
                    0.0144214453176,
                    0.010956662707,
                    0.00881491228938,
                    0.00617209728807,
                    0.00639398163185,
                    0.00909593049437,
                    0.0137482509017,
                    0.0105136232451,
                    0.0119437174872,
                    0.0193518865854,
                    0.0306953992695,
                    0.0504642426968,
                    0.0413282848895,
                    0.0514670647681,
                    0.020954452455,
                    0.0108866160735,
                    0.00946747977287,
                    0.0162360239774,
                    0.0270703621209,
                    0.023217510432,
                    0.0273143574595
                 ],
                 'dmean':[
                    0.104321710765,
                    0.094670727849,
                    0.0570936873555,
                    0.0541612058878,
                    0.0615743845701,
                    0.0844450071454,
                    0.0916572734714,
                    0.0889912396669,
                    0.0756299942732,
                    0.0763506665826,
                    0.0960845500231,
                    0.12720541656,
                    0.127985849977,
                    0.115848392248,
                    0.053705625236,
                    0.0392280034721,
                    0.0311841331422,
                    0.0244226101786,
                    0.0177254900336,
                    0.0203565079719,
                    0.0296429470181,
                    0.0375514961779,
                    0.0366800874472,
                    0.0438719019294,
                    0.054726947099,
                    0.105988435447,
                    0.187851026654,
                    0.130715310574,
                    0.172673404217,
                    0.0660371035337,
                    0.0314599238336,
                    0.0316690467298,
                    0.0618434101343,
                    0.0852539539337,
                    0.0900341421366,
                    0.0928411781788
                 ],
                 'max':[
                    1,
                    1,
                    1,
                    1,
                    1,
                    1,
                    1,
                    1,
                    1,
                    1,
                    1,
                    1,
                    1,
                    1,
                    1,
                    1,
                    1,
                    1,
                    1,
                    1,
                    1,
                    1,
                    1,
                    1,
                    1,
                    1,
                    1,
                    1,
                    1,
                    1,
                    1,
                    1,
                    1,
                    1,
                    1,
                    1
                 ],
                 'var':[
                    0.0845739617944,
                    0.0427777655423,
                    0.0152327995747,
                    0.0151554355398,
                    0.016528274864,
                    0.0412515923381,
                    0.0953552722931,
                    0.0543934851885,
                    0.0322691909969,
                    0.0338524654508,
                    0.0370120033622,
                    0.0703158676624,
                    0.123182617128,
                    0.0527594648302,
                    0.0137857059017,
                    0.0168607961386,
                    0.0096616121009,
                    0.00771625339985,
                    0.0116523122415,
                    0.00652206037194,
                    0.011681237258,
                    0.0242706183344,
                    0.0137251811102,
                    0.0142718972638,
                    0.021222628653,
                    0.0259281843901,
                    0.111432902515,
                    0.183202713728,
                    0.0751374587417,
                    0.0145144108683,
                    0.00686844764277,
                    0.00657867267728,
                    0.029618723318,
                    0.0745138078928,
                    0.0379381924868,
                    0.0437051840127
                 ],
                 'mean':[
                    0.164834395051,
                    0.108965791762,
                    0.04491731897,
                    0.0398954078555,
                    0.0466262027621,
                    0.103730112314,
                    0.16279026866,
                    0.119705654681,
                    0.0678620785475,
                    0.0652601346374,
                    0.0790041685104,
                    0.183385744691,
                    0.271851301193,
                    0.160015776753,
                    0.0454986020923,
                    0.0390654467046,
                    0.0275733564049,
                    0.02025446482,
                    0.0212711505592,
                    0.0189718510956,
                    0.0327638760209,
                    0.0480986014009,
                    0.039441857487,
                    0.0479176007211,
                    0.0567248426378,
                    0.0875517725945,
                    0.328636556864,
                    0.469658792019,
                    0.238266691566,
                    0.0454092957079,
                    0.0200377833098,
                    0.0227298568934,
                    0.0841156095266,
                    0.150428518653,
                    0.111332215369,
                    0.112502731383
                 ]
              },
              'tuning_equal_tempered_deviation':0,
              'chords_changes_rate':0.0403249189258,
              'key_key':'F#',
              'tuning_diatonic_strength':0.670455694199,
              'key_scale':'minor',
              'chords_number_rate':0.00290107331239,
              'tuning_frequency':440.508636475,
              'tuning_nontempered_energy_ratio':0.668684065342,
              'chords_histogram':[
                 52.9445877075,
                 4.64171743393,
                 6.15027570724,
                 0.290107339621,
                 3.04612708092,
                 1.97272992134,
                 0,
                 11.8653898239,
                 0,
                 6.35335063934,
                 3.56832027435,
                 0.0870321989059,
                 0,
                 0,
                 0,
                 0,
                 0,
                 0.290107339621,
                 0.464171737432,
                 0.667246878147,
                 0,
                 0,
                 3.77139544487,
                 3.88743829727
              ],
              'key_strength':0.791583478451,
              'chords_key':'F#',
              'chords_strength':{
                 'dmean2':0.00804366357625,
                 'median':0.547548830509,
                 'min':-1,
                 'dvar2':0.00116975617129,
                 'dvar':0.000607345020398,
                 'dmean':0.00839492119849,
                 'max':0.813877642155,
                 'var':0.0339203439653,
                 'mean':0.524816870689
              },
              'chords_scale':'minor',
              'hpcp_entropy':{
                 'dmean2':1.00705373287,
                 'median':1.56870746613,
                 'min':0,
                 'dvar2':0.648505687714,
                 'dvar':0.2447180897,
                 'dmean':0.585986793041,
                 'max':3.65271377563,
                 'var':0.561654984951,
                 'mean':1.50042426586
              }
           },
        ```
        """
        return load_extractor(self.path)["tonal"]

    # low_level
    @property
    def low_level(self):
        """low_level: low_level track descritors.

        'average_loudness': dynamic range descriptor. It rescales average loudness,
        computed on 2sec windows with 1 sec overlap, into the [0,1] interval. The value of 0 corresponds to signals
        with large dynamic range, 1 corresponds to signal with little dynamic range. Algorithms: Loudness

        'dynamic_complexity': dynamic complexity computed on 2sec windows with 1sec overlap. Algorithms: DynamicComplexity

        'silence_rate_20dB', 'silence_rate_30dB', 'silence_rate_60dB': rate of silent frames in a signal for
        thresholds of 20, 30, and 60 dBs. Algorithms: SilenceRate

        'spectral_rms': spectral RMS. Algorithms: RMS

        'spectral_flux': spectral flux of a signal computed using L2-norm. Algorithms: Flux

        'spectral_centroid', 'spectral_kurtosis', 'spectral_spread', 'spectral_skewness': centroid and central
        moments statistics describing the spectral shape. Algorithms: Centroid, CentralMoments

        'spectral_rolloff': the roll-off frequency of a spectrum. Algorithms: RollOff

        'spectral_decrease': spectral decrease. Algorithms: Decrease

        'hfc': high frequency content descriptor as proposed by Masri. Algorithms: HFC

        'zerocrossingrate' zero-crossing rate. Algorithms: ZeroCrossingRate

        'spectral_energy': spectral energy. Algorithms: Energy

        'spectral_energyband_low', 'spectral_energyband_middle_low', 'spectral_energyband_middle_high',
        'spectral_energyband_high': spectral energy in frequency bands [20Hz, 150Hz], [150Hz, 800Hz], [800Hz, 4kHz],
        and [4kHz, 20kHz]. Algorithms EnergyBand

        'barkbands': spectral energy in 27 Bark bands. Algorithms: BarkBands

        'melbands': spectral energy in 40 mel bands. Algorithms: MFCC

        'erbbands': spectral energy in 40 ERB bands. Algorithms: ERBBands

        'mfcc': the first 13 mel frequency cepstrum coefficients. See algorithm: MFCC

        'gfcc': the first 13 gammatone feature cepstrum coefficients. Algorithms: GFCC

        'barkbands_crest', 'barkbands_flatness_db': crest and flatness computed over energies in Bark bands. Algorithms: Crest, FlatnessDB

        'barkbands_kurtosis', 'barkbands_skewness', 'barkbands_spread': central moments statistics over energies in Bark bands. Algorithms: CentralMoments

        'melbands_crest', 'melbands_flatness_db': crest and flatness computed over energies in mel bands. Algorithms: Crest, FlatnessDB

        'melbands_kurtosis', 'melbands_skewness', 'melbands_spread': central moments statistics over energies in mel bands. Algorithms: CentralMoments

        'erbbands_crest', 'erbbands_flatness_db': crest and flatness computed over energies in ERB bands. Algorithms: Crest, FlatnessDB

        'erbbands_kurtosis', 'erbbands_skewness', 'erbbands_spread': central moments statistics over energies in ERB bands. Algorithms: CentralMoments

        'dissonance': sensory dissonance of a spectrum. Algorithms: Dissonance

        'spectral_entropy': Shannon entropy of a spectrum. Algorithms: Entropy

        'pitch_salience': pitch salience of a spectrum. Algorithms: PitchSalience

        'spectral_complexity': spectral complexity. Algorithms: SpectralComplexity

        'spectral_contrast_coeffs', 'spectral_contrast_valleys': spectral contrast features. Algorithms:
        SpectralContrast

        Example:
        ```JSON
        'lowlevel':{
          'barkbands_spread':{
             'dmean2':3.77554965019,
             'median':4.61414766312,
             'min':0.173020109534,
             'dvar2':61.6504440308,
             'dvar':27.9641170502,
             'dmean':2.44167518616,
             'max':110.2914505,
             'var':124.757987976,
             'mean':7.52866315842
          },
          'melbands_spread':{
             'dmean2':3.78300070763,
             'median':4.92296409607,
             'min':0.410931527615,
             'dvar2':77.338180542,
             'dvar':41.6111984253,
             'dmean':2.51712179184,
             'max':170.462478638,
             'var':301.857910156,
             'mean':8.54182434082
          },
          'hfc':{
             'dmean2':3.50013637543,
             'median':6.10393381119,
             'min':1.06054540254e-16,
             'dvar2':34.0371131897,
             'dvar':14.4582118988,
             'dmean':2.31053972244,
             'max':88.2738571167,
             'var':75.8253250122,
             'mean':8.62131118774
          },
          'barkbands_kurtosis':{
             'dmean2':11.8829393387,
             'median':9.40664482117,
             'min':-1.84666728973,
             'dvar2':625.054504395,
             'dvar':269.846496582,
             'dmean':7.67745256424,
             'max':536.236999512,
             'var':1004.30914307,
             'mean':17.9715843201
          },
          'gfcc':{
             'mean':[
                -132.788909912,
                142.14666748,
                -81.0338973999,
                8.63331604004,
                -58.3307991028,
                -5.39012002945,
                -34.5070724487,
                3.37363839149,
                -21.0019397736,
                -0.66143321991,
                -5.58816480637,
                -14.6182832718,
                1.07953834534
             ],
             'icov':[
                [
                   0.000335385237122,
                   -0.00103988894261,
                   0.000736981979571,
                   -0.00120457413141,
                   0.000940136378631,
                   -0.00114710326307,
                   0.00112895527855,
                   -0.000861310574692,
                   0.000751518004108,
                   -0.000711515196599,
                   0.00037995740422,
                   -0.000630446360447,
                   0.00042732435395
                ],
                [
                   -0.00103988894261,
                   0.00400719698519,
                   -0.00209345272742,
                   0.00360448728316,
                   -0.0037215934135,
                   0.00380552583374,
                   -0.00388551456854,
                   0.00323714734986,
                   -0.00268420949578,
                   0.00262403511442,
                   -0.00163167156279,
                   0.00266133132391,
                   -0.00165268150158
                ],
                [
                   0.000736981979571,
                   -0.00209345272742,
                   0.00341281644069,
                   -0.00294547923841,
                   0.00114159076475,
                   -0.00306878169067,
                   0.00228093308397,
                   -0.00258892471902,
                   0.00158821267541,
                   -0.000897726044059,
                   0.00122907594778,
                   -0.00190949963871,
                   0.000966875872109
                ],
                [
                   -0.00120457413141,
                   0.00360448728316,
                   -0.00294547923841,
                   0.00689155561849,
                   -0.00431259116158,
                   0.00203535147011,
                   -0.00264717591926,
                   0.00288130971603,
                   -0.00135119084734,
                   0.00197674031369,
                   -0.0014328159159,
                   0.00141850474756,
                   -0.000610302726272
                ],
                [
                   0.000940136378631,
                   -0.0037215934135,
                   0.00114159076475,
                   -0.00431259116158,
                   0.00646798405796,
                   -0.00263112364337,
                   0.00132549903356,
                   -0.00174455426168,
                   0.00157945649698,
                   -0.00152322486974,
                   0.000767953693867,
                   -0.00178843981121,
                   0.00122726708651
                ],
                [
                   -0.00114710326307,
                   0.00380552583374,
                   -0.00306878169067,
                   0.00203535147011,
                   -0.00263112364337,
                   0.0112451156601,
                   -0.00653579598293,
                   0.00279242661782,
                   -0.00283282389864,
                   0.00191252457444,
                   -0.00199365057051,
                   0.00332468468696,
                   -0.00153529189993
                ],
                [
                   0.00112895527855,
                   -0.00388551456854,
                   0.00228093308397,
                   -0.00264717591926,
                   0.00132549903356,
                   -0.00653579598293,
                   0.0121742300689,
                   -0.00452526239678,
                   -0.000682854210027,
                   -0.00377777148969,
                   0.00384873338044,
                   -0.00344320596196,
                   0.00246894545853
                ],
                [
                   -0.000861310574692,
                   0.00323714734986,
                   -0.00258892471902,
                   0.00288130971603,
                   -0.00174455426168,
                   0.00279242661782,
                   -0.00452526239678,
                   0.00898661650717,
                   -0.00442420411855,
                   0.00187778519467,
                   -0.00263732252643,
                   0.00327507732436,
                   -0.00180146866478
                ],
                [
                   0.000751518004108,
                   -0.00268420949578,
                   0.00158821267541,
                   -0.00135119084734,
                   0.00157945649698,
                   -0.00283282389864,
                   -0.000682854210027,
                   -0.00442420411855,
                   0.0127948811278,
                   -0.0034028289374,
                   0.000330279202899,
                   -0.00463727954775,
                   0.00367314391769
                ],
                [
                   -0.000711515196599,
                   0.00262403511442,
                   -0.000897726044059,
                   0.00197674031369,
                   -0.00152322486974,
                   0.00191252457444,
                   -0.00377777148969,
                   0.00187778519467,
                   -0.0034028289374,
                   0.0120996944606,
                   -0.00067205511732,
                   -0.000694065121934,
                   -0.000791335711256
                ],
                [
                   0.00037995740422,
                   -0.00163167156279,
                   0.00122907594778,
                   -0.0014328159159,
                   0.000767953693867,
                   -0.00199365057051,
                   0.00384873338044,
                   -0.00263732252643,
                   0.000330279202899,
                   -0.00067205511732,
                   0.0107421576977,
                   -0.00082002527779,
                   -0.00202772649936
                ],
                [
                   -0.000630446360447,
                   0.00266133132391,
                   -0.00190949963871,
                   0.00141850474756,
                   -0.00178843981121,
                   0.00332468468696,
                   -0.00344320596196,
                   0.00327507732436,
                   -0.00463727954775,
                   -0.000694065121934,
                   -0.00082002527779,
                   0.0123253297061,
                   -0.00216704793274
                ],
                [
                   0.00042732435395,
                   -0.00165268150158,
                   0.000966875872109,
                   -0.000610302726272,
                   0.00122726708651,
                   -0.00153529189993,
                   0.00246894545853,
                   -0.00180146866478,
                   0.00367314391769,
                   -0.000791335711256,
                   -0.00202772649936,
                   -0.00216704793274,
                   0.0142371747643
                ]
             ],
             'cov':[
                [
                   37387.5976563,
                   4358.72021484,
                   -1795.53808594,
                   2832.53198242,
                   -316.226989746,
                   564.97265625,
                   -1381.02307129,
                   -544.360961914,
                   -1104.99475098,
                   -119.790603638,
                   434.688079834,
                   -437.863342285,
                   159.637817383
                ],
                [
                   4358.72021484,
                   2446.73657227,
                   122.067451477,
                   205.417373657,
                   738.437866211,
                   7.15356206894,
                   192.322372437,
                   -149.13142395,
                   69.4642028809,
                   -105.095726013,
                   60.6722793579,
                   -85.4167327881,
                   10.4846248627
                ],
                [
                   -1795.53808594,
                   122.067451477,
                   992.309509277,
                   281.873321533,
                   420.629211426,
                   203.193283081,
                   265.133728027,
                   140.490310669,
                   149.350082397,
                   17.3196163177,
                   -55.1355857849,
                   88.7021713257,
                   -61.7136650085
                ],
                [
                   2832.53198242,
                   205.417373657,
                   281.873321533,
                   737.372558594,
                   250.831192017,
                   195.922958374,
                   -12.1163778305,
                   -13.3502483368,
                   -57.6144294739,
                   5.08618783951,
                   14.5830659866,
                   17.5463848114,
                   -28.8936862946
                ],
                [
                   -316.226989746,
                   738.437866211,
                   420.629211426,
                   250.831192017,
                   705.019958496,
                   115.014541626,
                   268.08807373,
                   15.4422664642,
                   135.850067139,
                   -0.211590483785,
                   -22.3415031433,
                   44.0851707458,
                   -47.0426368713
                ],
                [
                   564.97265625,
                   7.15356206894,
                   203.193283081,
                   195.922958374,
                   115.014541626,
                   245.563034058,
                   128.44291687,
                   60.6132316589,
                   59.6934509277,
                   36.5294494629,
                   -13.3313579559,
                   24.6754741669,
                   -31.0790405273
                ],
                [
                   -1381.02307129,
                   192.322372437,
                   265.133728027,
                   -12.1163778305,
                   268.08807373,
                   128.44291687,
                   397.496398926,
